{
 "cells": [
  {
   "cell_type": "markdown",
   "metadata": {},
   "source": [
    "# Restoration of Cone Circuit Functionality in the Regenerating Adult Zebrafish Retina \n",
    "\n",
    "Evelyn Abraham, Hella Hartmann, Takeshi Yoshimatsu, Tom Baden, Michael Brand\n",
    "\n",
    "\n",
    "\n"
   ]
  },
  {
   "cell_type": "code",
   "execution_count": 4,
   "metadata": {
    "init_cell": true
   },
   "outputs": [],
   "source": [
    "# Import curve fitting package from scipy\n",
    "from scipy.optimize import curve_fit\n",
    "\n",
    "# Import required packages\n",
    "import matplotlib as mpl\n",
    "import matplotlib.pyplot as plt\n",
    "import numpy as np\n",
    "from pylab import cm\n",
    "import random as rn\n",
    "\n",
    "from numpy import genfromtxt\n",
    "\n",
    "#import csv as csv\n",
    "import pandas as pd"
   ]
  },
  {
   "cell_type": "code",
   "execution_count": 5,
   "metadata": {
    "init_cell": true
   },
   "outputs": [],
   "source": [
    "# Function to calculate the exponential with constants a and b\n",
    "def exponential(x, a, b,c):\n",
    "    return -a*(np.exp(b*x)-c)"
   ]
  },
  {
   "cell_type": "code",
   "execution_count": 6,
   "metadata": {
    "init_cell": true
   },
   "outputs": [],
   "source": [
    "#Import data\n",
    "\n",
    "my_data = genfromtxt('../private/input/AVG.csv', delimiter=',') #new folder name with /\n",
    "\n",
    "QI_data = genfromtxt('../private/input/QI.csv',delimiter=',')\n",
    "\n",
    "rate=0.00109375\n",
    "\n",
    "extension=\"png\"\n",
    "folder=\"output/\" \n",
    "\n",
    "ar = np.asarray\n",
    "\n",
    "covBlank=0.0*np.array([[0,0,0],[0,0,0],[0,0,0]])\n",
    "parsBlank=0.0*np.array([0,0,0])\n"
   ]
  },
  {
   "cell_type": "code",
   "execution_count": 7,
   "metadata": {
    "init_cell": true
   },
   "outputs": [],
   "source": [
    "def rsquared(pars,xdata,ydata,f):\n",
    "    residuals = ydata- f(xdata, *pars)\n",
    "    ss_res = np.sum(residuals**2)\n",
    "    ss_tot = np.sum((ydata-np.mean(ydata))**2)\n",
    "    r_squared = 1 - (ss_res / ss_tot)    \n",
    "    return r_squared"
   ]
  },
  {
   "cell_type": "code",
   "execution_count": 8,
   "metadata": {
    "init_cell": true
   },
   "outputs": [],
   "source": [
    "def Eval(ROI=1,results=None,guess1=None,guess2=None,maxfev1=1000,maxfev2=1000,rsqCutOff=0.97,maxParam=100,QIcut=0.7):\n",
    "    y_rdata=my_data[1:,ROI-1]\n",
    "    QI=QI_data[ROI,1]\n",
    "\n",
    "    print(\"Working on ROI:\", ROI)\n",
    "    print(\"The QI is \",QI)\n",
    "    \n",
    "    if(QI<QIcut):    \n",
    "        print(\"QI too low\")\n",
    "        results += [[ROI,QI,0,*parsBlank.tolist(),*parsBlank.tolist()]]\n",
    "\n",
    "    else:\n",
    "        success=1\n",
    "\n",
    "        n=len(y_rdata)\n",
    "\n",
    "        #time\n",
    "        x_data=np.linspace(start=0,stop=rate*n,num=n)\n",
    "\n",
    "\n",
    "        fig = plt.figure()\n",
    "        ax = fig.add_axes([0, 0, 1, 1])\n",
    "\n",
    "        ax.scatter(x_data, y_rdata, s=20, color='#00b3b3', label='Data')\n",
    "\n",
    "\n",
    "\n",
    "        sign = np.sum(y_rdata-y_rdata[0])\n",
    "        #print(sign)\n",
    "        if(sign>0):\n",
    "            print(\"Type ON because sign=\",sign)\n",
    "            lim = np.argmax(y_rdata)-1\n",
    "            newIndex = np.argwhere( y_rdata[lim:] < 0.9*np.max(y_rdata))[0][0]  # ON; default 0.9\n",
    "            offset=newIndex #int(0.09/rate)\n",
    "            if(guess1):\n",
    "                guessPars1 = guess1\n",
    "            else:\n",
    "                guessPars1 = [19,-1,1]\n",
    "            \n",
    "            if(guess2):\n",
    "                guessPars2 = guess2\n",
    "            else:\n",
    "                guessPars2 = [-3000,-5,0]\n",
    "        else:\n",
    "            print(\"Type OFF because sign=\",sign)\n",
    "            lim = np.argmin(y_rdata)-1\n",
    "            #0.75\n",
    "            # newIndex = np.argwhere( y_rdata[lim:] > 0.8*np.min(y_rdata))[0][0] \n",
    "            newIndex = np.argwhere( y_rdata[lim:] > 0.9*(np.min(y_rdata) - y_rdata[0]) + y_rdata[0] )[0][0] #OFF\n",
    "            print(\"The new index\",newIndex)\n",
    "            offset=newIndex #-lim #int(0.4/rate)\n",
    "            \n",
    "            if(guess1):\n",
    "                guessPars1 = guess1\n",
    "            else:\n",
    "                guessPars1 = [-14,-4,1]\n",
    "            \n",
    "            if(guess2):\n",
    "                guessPars2=guess2\n",
    "            else:\n",
    "                guessPars2 = [300,-3,0]\n",
    "            \n",
    "\n",
    "\n",
    "\n",
    "        y_data1 = y_rdata[:lim]\n",
    "        x_data1 = x_data[:lim]\n",
    "        ax.scatter(x_data1, y_data1, s=20, color='blue', label='Data')\n",
    "\n",
    "        # Fit the dummy exponential data\n",
    "        try:\n",
    "            pars1, cov1 = curve_fit(f=exponential, xdata=x_data1, ydata=y_data1, p0=guessPars1, bounds=(-np.inf, np.inf),maxfev=maxfev1)\n",
    "        except:\n",
    "            try:\n",
    "                pars1, cov1 = curve_fit(f=exponential, xdata=x_data1, ydata=y_data1, p0=[0, 0, 0], bounds=(-np.inf, np.inf),maxfev=maxfev1)\n",
    "            except:\n",
    "                pars1 = parsBlank\n",
    "                cov1 = covBlank\n",
    "                success=0 #failed to find the fit\n",
    "\n",
    "        res = y_data1 - exponential(x_data1, *pars1)\n",
    "\n",
    "        ax.plot(x_data1, exponential(x_data1, *pars1), linestyle='--', linewidth=2, color='black')\n",
    "\n",
    "        print(pars1,\"\\n\",cov1)\n",
    "        rsquared1=rsquared(pars1,x_data1,y_data1,exponential)\n",
    "        print(\"rsquared_1\",rsquared1)\n",
    "\n",
    "\n",
    "        y_data2 = y_rdata[lim+offset:]\n",
    "        x_data2 = x_data[lim+offset:]\n",
    "\n",
    "        ax.scatter(x_data2, y_data2, s=20, color='red', label='Data')\n",
    "            \n",
    "        Δ=np.array([0,0,0])\n",
    "        pars_cand=parsBlank\n",
    "        cov_cand=covBlank\n",
    "        \n",
    "        for i in range(maxParam):            \n",
    "            try:\n",
    "                pars_cand, cov_cand = curve_fit(f=exponential, xdata=x_data2, ydata=y_data2, p0=np.array(guessPars2)+Δ, bounds=(-np.inf, np.inf),maxfev=maxfev2)\n",
    "            except:\n",
    "                print(\"\\rFailed Again\")\n",
    "                pass\n",
    "            \n",
    "            #Boundary condition\n",
    "            if(i==0):\n",
    "                pars2=pars_cand\n",
    "                cov2=cov_cand\n",
    "            #Update if the new value is better\n",
    "            elif(rsquared(pars_cand,x_data2,y_data2,exponential)>rsquared(pars2,x_data2,y_data2,exponential)):\n",
    "                pars2=pars_cand\n",
    "                cov2=cov_cand\n",
    "            \n",
    "            #If it is a good enough fit, end\n",
    "            if(rsquared(pars2,x_data2,y_data2,exponential)>rsqCutOff):\n",
    "                break\n",
    "                \n",
    "            #New guess for the parameters     \n",
    "            #Original: 100,100; -10,10; -10,10\n",
    "            if(sign<0):\n",
    "                Δ=[rn.uniform(0,100),rn.uniform(-10,2),rn.uniform(-10,10)]\n",
    "            else:\n",
    "                Δ=[rn.uniform(-100,0),rn.uniform(-10,2),rn.uniform(-10,10)]\n",
    "    \n",
    "    \n",
    "        res = y_data2 - exponential(x_data2, *pars2)\n",
    "\n",
    "        ax.plot(x_data2, exponential(x_data2, *pars2), linestyle='--', linewidth=2, color='black')\n",
    "        \n",
    "        plt.xlabel(\"Time (in seconds)\")\n",
    "        plt.ylabel(\"Z score (SD) of ROI:\"+str(ROI))\n",
    "              \n",
    "\n",
    "        print(pars2,\"\\n\",cov2)\n",
    "        rsquared2=rsquared(pars2,x_data2,y_data2,exponential)\n",
    "        print(\"rsquared_2\",rsquared2)\n",
    "        \n",
    "        fig.savefig(fname=folder+str(ROI)+\".\"+extension,format=extension, bbox_inches = \"tight\", dpi=300) \n",
    "    \n",
    "        if(results is not None):\n",
    "            results += [[ROI,QI,success,exponential(x_data[lim],*pars1), *pars1.tolist(), *pars2.tolist(), rsquared1, rsquared2, exponential(x_data1[0],*pars1),exponential(x_data2[-1],*pars2), sign ]] #y_data1[0],y_data2[-1]]] #cov1.tolist(),pars2.tolist(),cov2.tolist()]\n",
    "    "
   ]
  },
  {
   "cell_type": "markdown",
   "metadata": {},
   "source": [
    "### Results"
   ]
  },
  {
   "cell_type": "code",
   "execution_count": null,
   "metadata": {
    "scrolled": true
   },
   "outputs": [
    {
     "name": "stdout",
     "output_type": "stream",
     "text": [
      "Working on ROI: 1\n",
      "The QI is  0.0\n",
      "QI too low\n",
      "Working on ROI: 2\n",
      "The QI is  0.0851329\n",
      "QI too low\n",
      "Working on ROI: 3\n",
      "The QI is  0.107223\n",
      "QI too low\n",
      "Working on ROI: 4\n",
      "The QI is  0.255323\n",
      "QI too low\n",
      "Working on ROI: 5\n",
      "The QI is  0.0834635\n",
      "QI too low\n",
      "Working on ROI: 6\n",
      "The QI is  0.0940396\n",
      "QI too low\n",
      "Working on ROI: 7\n",
      "The QI is  0.0\n",
      "QI too low\n",
      "Working on ROI: 8\n",
      "The QI is  0.105575\n",
      "QI too low\n",
      "Working on ROI: 9\n",
      "The QI is  0.063317\n",
      "QI too low\n",
      "Working on ROI: 10\n",
      "The QI is  0.122571\n",
      "QI too low\n",
      "Working on ROI: 11\n",
      "The QI is  0.907933\n",
      "Type OFF because sign= -3294.3822509999995\n",
      "The new index 199\n",
      "[-4.51653658 -5.38097911  1.25463917] \n",
      " [[4.57734292e-04 2.90483078e-04 1.13746606e-04]\n",
      " [2.90483078e-04 4.51088955e-03 2.60494082e-04]\n",
      " [1.13746606e-04 2.60494082e-04 3.78752147e-05]]\n",
      "rsquared_1 0.9863083958865304\n",
      "[ 4.84563709e+02 -4.83068258e+00 -5.59354593e-04] \n",
      " [[ 4.69424291e+02 -1.00988677e+00  1.09253388e-04]\n",
      " [-1.00988677e+00  2.18830645e-03 -1.88239478e-07]\n",
      " [ 1.09253388e-04 -1.88239478e-07  2.83884393e-10]]\n",
      "rsquared_2 0.9887201708295554\n",
      "Working on ROI: 12\n",
      "The QI is  0.12056\n",
      "QI too low\n",
      "Working on ROI: 13\n",
      "The QI is  0.0902355\n",
      "QI too low\n",
      "Working on ROI: 14\n",
      "The QI is  0.0791306\n",
      "QI too low\n",
      "Working on ROI: 15\n",
      "The QI is  0.102114\n",
      "QI too low\n",
      "Working on ROI: 16\n",
      "The QI is  0.126061\n",
      "QI too low\n",
      "Working on ROI: 17\n",
      "The QI is  0.911026\n",
      "Type OFF because sign= -4002.8484579999995\n",
      "The new index 140\n",
      "[-5.46253778 -4.44465568  1.41952621] \n",
      " [[1.78019057e-04 2.35086281e-05 3.82790328e-05]\n",
      " [2.35086281e-05 9.74087083e-04 5.99399328e-05]\n",
      " [3.82790328e-05 5.99399328e-05 1.17282924e-05]]\n",
      "rsquared_1 0.9958898083840622\n",
      "[ 9.53668897e+01 -2.68692999e+00  4.08132148e-03] \n",
      " [[ 6.32865662e+00 -7.65792672e-02 -1.09646612e-03]\n",
      " [-7.65792672e-02  9.39561400e-04  1.37722671e-05]\n",
      " [-1.09646612e-03  1.37722671e-05  2.14064682e-07]]\n",
      "rsquared_2 0.9923552135636582\n",
      "Working on ROI: 18\n",
      "The QI is  0.92567\n",
      "Type OFF because sign= -3885.1231004899996\n",
      "The new index 79\n",
      "[-5.99827189 -4.49031689  1.23165756] \n",
      " [[1.96381701e-04 7.99009631e-05 3.60963859e-05]\n",
      " [7.99009631e-05 7.59956806e-04 5.25520932e-05]\n",
      " [3.60963859e-05 5.25520932e-05 8.94837480e-06]]\n",
      "rsquared_1 0.9959620031395483\n",
      "[ 3.66145207e+02 -4.09573901e+00  8.71944575e-04] \n",
      " [[ 4.04748051e+02 -1.15543950e+00 -2.32447534e-03]\n",
      " [-1.15543950e+00  3.32607576e-03  6.82395104e-06]\n",
      " [-2.32447534e-03  6.82395104e-06  1.53896814e-08]]\n",
      "rsquared_2 0.9807225170247097\n",
      "Working on ROI: 19\n",
      "The QI is  0.157698\n",
      "QI too low\n",
      "Working on ROI: 20\n",
      "The QI is  0.0505777\n",
      "QI too low\n",
      "Working on ROI: 21\n",
      "The QI is  0.104682\n",
      "QI too low\n",
      "Working on ROI: 22\n",
      "The QI is  0.103036\n",
      "QI too low\n",
      "Working on ROI: 23\n",
      "The QI is  0.12875\n",
      "QI too low\n",
      "Working on ROI: 24\n",
      "The QI is  0.11769\n",
      "QI too low\n",
      "Working on ROI: 25\n",
      "The QI is  0.184794\n",
      "QI too low\n",
      "Working on ROI: 26\n",
      "The QI is  0.158628\n",
      "QI too low\n",
      "Working on ROI: 27\n",
      "The QI is  0.115548\n",
      "QI too low\n",
      "Working on ROI: 28\n",
      "The QI is  0.0934712\n",
      "QI too low\n",
      "Working on ROI: 29\n",
      "The QI is  0.0\n",
      "QI too low\n",
      "Working on ROI: 30\n",
      "The QI is  0.934303\n",
      "Type OFF because sign= -3168.982762\n",
      "The new index 138\n",
      "[-5.45531127 -5.0577197   1.39954701] \n",
      " [[4.51703978e-04 2.61704133e-04 1.07184154e-04]\n",
      " [2.61704133e-04 2.53125978e-03 1.69392447e-04]\n",
      " [1.07184154e-04 1.69392447e-04 3.12010886e-05]]\n",
      "rsquared_1 0.9899008148211985\n",
      "[ 6.58694901e+02 -4.78741831e+00 -3.30789458e-04] \n",
      " [[ 6.33052852e+02 -9.93511919e-01 -1.19758949e-04]\n",
      " [-9.93511919e-01  1.57027689e-03  2.21625378e-07]\n",
      " [-1.19758949e-04  2.21625378e-07  2.09651419e-10]]\n",
      "rsquared_2 0.9919851422799102\n",
      "Working on ROI: 31\n",
      "The QI is  0.155685\n",
      "QI too low\n",
      "Working on ROI: 32\n",
      "The QI is  0.12326\n",
      "QI too low\n",
      "Working on ROI: 33\n",
      "The QI is  0.0739854\n",
      "QI too low\n",
      "Working on ROI: 34\n",
      "The QI is  0.240812\n",
      "QI too low\n",
      "Working on ROI: 35\n",
      "The QI is  0.0575414\n",
      "QI too low\n",
      "Working on ROI: 36\n",
      "The QI is  0.263224\n",
      "QI too low\n",
      "Working on ROI: 37\n",
      "The QI is  0.119725\n",
      "QI too low\n",
      "Working on ROI: 38\n",
      "The QI is  0.0876162\n",
      "QI too low\n",
      "Working on ROI: 39\n",
      "The QI is  0.138949\n",
      "QI too low\n",
      "Working on ROI: 40\n",
      "The QI is  0.0\n",
      "QI too low\n",
      "Working on ROI: 41\n",
      "The QI is  0.0645036\n",
      "QI too low\n",
      "Working on ROI: 42\n",
      "The QI is  0.0948095\n",
      "QI too low\n",
      "Working on ROI: 43\n",
      "The QI is  0.438759\n",
      "Type ON because sign= 1472.0919083\n",
      "[ 5.69325934 -0.38107595  0.84992779] \n",
      " [[1.75727098e+00 1.44172982e-01 5.03193815e-02]\n",
      " [1.44172982e-01 1.18748930e-02 4.14696375e-03]\n",
      " [5.03193815e-02 4.14696375e-03 1.45021133e-03]]\n",
      "rsquared_1 0.8330125070600394\n",
      "[-1.39180636e+03 -6.33358676e+00  4.53035130e-04] \n",
      " [[2.07098640e+05 1.37053827e+02 7.17533043e-02]\n",
      " [1.37053827e+02 9.10262586e-02 4.75889409e-05]\n",
      " [7.17533043e-02 4.75889409e-05 2.49309468e-08]]\n",
      "rsquared_2 0.7935406784049918\n"
     ]
    },
    {
     "name": "stderr",
     "output_type": "stream",
     "text": [
      "C:\\Users\\Evelyn\\AppData\\Local\\Temp\\ipykernel_10876\\3497268888.py:3: RuntimeWarning: overflow encountered in exp\n",
      "  return -a*(np.exp(b*x)-c)\n",
      "C:\\Users\\Evelyn\\AppData\\Local\\Temp\\ipykernel_10876\\3497268888.py:3: RuntimeWarning: overflow encountered in multiply\n",
      "  return -a*(np.exp(b*x)-c)\n",
      "C:\\Users\\Evelyn\\anaconda3\\Lib\\site-packages\\scipy\\optimize\\_minpack_py.py:906: OptimizeWarning: Covariance of the parameters could not be estimated\n",
      "  warnings.warn('Covariance of the parameters could not be estimated',\n"
     ]
    },
    {
     "name": "stdout",
     "output_type": "stream",
     "text": [
      "Working on ROI: 44\n",
      "The QI is  0.930634\n",
      "Type OFF because sign= -5589.0940040000005\n",
      "The new index 130\n",
      "[-7.38764129 -5.10806139  1.15478732] \n",
      " [[3.23371717e-04 1.61649633e-04 4.71970238e-05]\n",
      " [1.61649633e-04 9.26488415e-04 5.99412752e-05]\n",
      " [4.71970238e-05 5.99412752e-05 8.79901054e-06]]\n",
      "rsquared_1 0.9959709221724231\n",
      "[ 1.64108807e+03 -5.55028756e+00 -2.65268646e-04] \n",
      " [[ 5.90924164e+03 -3.60429218e+00  4.55436991e-04]\n",
      " [-3.60429218e+00  2.21046072e-03 -2.63898665e-07]\n",
      " [ 4.55436991e-04 -2.63898665e-07  6.79381571e-11]]\n",
      "rsquared_2 0.990977460701203\n",
      "Working on ROI: 45\n",
      "The QI is  0.149879\n",
      "QI too low\n",
      "Working on ROI: 46\n",
      "The QI is  0.0933658\n",
      "QI too low\n",
      "Working on ROI: 47\n",
      "The QI is  0.512901\n",
      "Type ON because sign= 1635.458836231\n",
      "[-1.91877609  1.3637671   1.48599122] \n",
      " [[0.03362585 0.01608356 0.00743959]\n",
      " [0.01608356 0.00773481 0.00358226]\n",
      " [0.00743959 0.00358226 0.00166709]]\n",
      "rsquared_1 0.9724315646950807\n",
      "[-6.3030573  -0.91851608  0.2615395 ] \n",
      " [[0.01478537 0.00710035 0.00255211]\n",
      " [0.00710035 0.0143899  0.00543388]\n",
      " [0.00255211 0.00543388 0.00205612]]\n",
      "rsquared_2 0.7760847041755892\n",
      "Working on ROI: 48\n",
      "The QI is  0.162261\n",
      "QI too low\n",
      "Working on ROI: 49\n",
      "The QI is  0.121404\n",
      "QI too low\n",
      "Working on ROI: 50\n",
      "The QI is  0.0831356\n",
      "QI too low\n",
      "Working on ROI: 51\n",
      "The QI is  0.2322\n",
      "QI too low\n",
      "Working on ROI: 52\n",
      "The QI is  0.166558\n",
      "QI too low\n",
      "Working on ROI: 53\n",
      "The QI is  0.19802\n",
      "QI too low\n",
      "Working on ROI: 54\n",
      "The QI is  0.144181\n",
      "QI too low\n",
      "Working on ROI: 55\n",
      "The QI is  0.0865227\n",
      "QI too low\n",
      "Working on ROI: 56\n",
      "The QI is  0.177683\n",
      "QI too low\n",
      "Working on ROI: 57\n",
      "The QI is  0.0816774\n",
      "QI too low\n",
      "Working on ROI: 58\n",
      "The QI is  0.167854\n",
      "QI too low\n",
      "Working on ROI: 59\n",
      "The QI is  0.288789\n",
      "QI too low\n",
      "Working on ROI: 60\n",
      "The QI is  0.144948\n",
      "QI too low\n",
      "Working on ROI: 61\n",
      "The QI is  0.146528\n",
      "QI too low\n",
      "Working on ROI: 62\n",
      "The QI is  0.196706\n",
      "QI too low\n",
      "Working on ROI: 63\n",
      "The QI is  0.160256\n",
      "QI too low\n",
      "Working on ROI: 64\n",
      "The QI is  0.220864\n",
      "QI too low\n",
      "Working on ROI: 65\n",
      "The QI is  0.22019\n",
      "QI too low\n",
      "Working on ROI: 66\n",
      "The QI is  0.0944155\n",
      "QI too low\n",
      "Working on ROI: 67\n",
      "The QI is  0.0\n",
      "QI too low\n",
      "Working on ROI: 68\n",
      "The QI is  0.0873777\n",
      "QI too low\n",
      "Working on ROI: 69\n",
      "The QI is  0.885891\n",
      "Type OFF because sign= -2509.231783856\n",
      "The new index 96\n",
      "[-3.31749532 -5.24727827  1.25683447] \n",
      " [[1.72489346e-04 2.21765075e-04 6.27024477e-05]\n",
      " [2.21765075e-04 2.33463494e-03 1.62144310e-04]\n",
      " [6.27024477e-05 1.62144310e-04 2.69057949e-05]]\n",
      "rsquared_1 0.9893822248857759\n",
      "[ 1.78730609e+03 -6.17851007e+00  1.22966211e-05] \n",
      " [[ 5.83362410e+04 -3.26428472e+01 -2.35613725e-03]\n",
      " [-3.26428472e+01  1.83534506e-02  1.36796939e-06]\n",
      " [-2.35613725e-03  1.36796939e-06  1.59245041e-10]]\n",
      "rsquared_2 0.9375588926955135\n",
      "Working on ROI: 70\n",
      "The QI is  0.187369\n",
      "QI too low\n",
      "Working on ROI: 71\n",
      "The QI is  0.115041\n",
      "QI too low\n",
      "Working on ROI: 72\n",
      "The QI is  0.122914\n",
      "QI too low\n",
      "Working on ROI: 73\n",
      "The QI is  0.236768\n",
      "QI too low\n",
      "Working on ROI: 74\n",
      "The QI is  0.113077\n",
      "QI too low\n",
      "Working on ROI: 75\n",
      "The QI is  0.210363\n",
      "QI too low\n",
      "Working on ROI: 76\n",
      "The QI is  0.134279\n",
      "QI too low\n",
      "Working on ROI: 77\n",
      "The QI is  0.0889392\n",
      "QI too low\n",
      "Working on ROI: 78\n",
      "The QI is  0.16236\n",
      "QI too low\n",
      "Working on ROI: 79\n",
      "The QI is  0.11678\n",
      "QI too low\n",
      "Working on ROI: 80\n",
      "The QI is  0.234334\n",
      "QI too low\n",
      "Working on ROI: 81\n",
      "The QI is  0.098735\n",
      "QI too low\n",
      "Working on ROI: 82\n",
      "The QI is  0.136377\n",
      "QI too low\n",
      "Working on ROI: 83\n",
      "The QI is  0.0942506\n",
      "QI too low\n",
      "Working on ROI: 84\n",
      "The QI is  0.119407\n",
      "QI too low\n",
      "Working on ROI: 85\n",
      "The QI is  0.097311\n",
      "QI too low\n",
      "Working on ROI: 86\n",
      "The QI is  0.53541\n",
      "Type OFF because sign= -1234.574513012\n",
      "The new index 40\n",
      "[-2.1172075  -3.07165682  1.08895742] \n",
      " [[ 8.57253498e-04 -2.48416446e-03  3.49354441e-05]\n",
      " [-2.48416446e-03  1.62053657e-02  7.62654367e-04]\n",
      " [ 3.49354441e-05  7.62654367e-04  9.07161583e-05]]\n",
      "rsquared_1 0.9371463845123544\n",
      "[11.45768263 -1.76566297  0.05011084] \n",
      " [[ 7.55421498e-01 -1.09350356e-01 -1.01279488e-02]\n",
      " [-1.09350356e-01  1.65979965e-02  1.57100179e-03]\n",
      " [-1.01279488e-02  1.57100179e-03  1.51219862e-04]]\n",
      "rsquared_2 0.7948983657165577\n",
      "Working on ROI: 87\n",
      "The QI is  0.929192\n",
      "Type OFF because sign= -5402.853148856\n",
      "The new index 317\n",
      "[-6.74990113 -4.21908586  0.93065221] \n",
      " [[ 2.97448908e-04 -7.98857283e-05  2.19100491e-05]\n",
      " [-7.98857283e-05  1.11143708e-03  6.31796309e-05]\n",
      " [ 2.19100491e-05  6.31796309e-05  6.41388643e-06]]\n",
      "rsquared_1 0.9958937053062102\n",
      "[ 1.30312443e+03 -5.09111381e+00 -1.25424163e-05] \n",
      " [[ 1.29661651e+04 -9.25908067e+00 -1.64506794e-03]\n",
      " [-9.25908067e+00  6.64248207e-03  1.22008803e-06]\n",
      " [-1.64506794e-03  1.22008803e-06  3.25849749e-10]]\n",
      "rsquared_2 0.9767003490818075\n",
      "Working on ROI: 88\n",
      "The QI is  0.118247\n",
      "QI too low\n",
      "Working on ROI: 89\n",
      "The QI is  0.122109\n",
      "QI too low\n",
      "Working on ROI: 90\n",
      "The QI is  0.196505\n",
      "QI too low\n",
      "Working on ROI: 91\n",
      "The QI is  0.10373\n",
      "QI too low\n",
      "Working on ROI: 92\n",
      "The QI is  0.0\n",
      "QI too low\n",
      "Working on ROI: 93\n",
      "The QI is  0.0843762\n",
      "QI too low\n",
      "Working on ROI: 94\n",
      "The QI is  0.939119\n",
      "Type OFF because sign= -6145.938311\n",
      "The new index 78\n",
      "[-7.23174092 -4.33776775  1.02512342] \n",
      " [[1.24994901e-04 5.41804231e-05 1.63931957e-05]\n",
      " [5.41804231e-05 2.69979432e-04 1.95956960e-05]\n",
      " [1.63931957e-05 1.95956960e-05 2.92327502e-06]]\n",
      "rsquared_1 0.9980833971330149\n",
      "[ 4.56118749e+04 -8.40867794e+00 -1.23358921e-05] \n",
      " [[ 2.03359393e+07 -4.10446393e+02  4.72458788e-03]\n",
      " [-4.10446393e+02  8.30450838e-03 -9.48111364e-08]\n",
      " [ 4.72458788e-03 -9.48111364e-08  1.13966867e-12]]\n",
      "rsquared_2 0.9839491281605127\n",
      "Working on ROI: 95\n",
      "The QI is  0.114838\n",
      "QI too low\n",
      "Working on ROI: 96\n",
      "The QI is  0.954996\n",
      "Type OFF because sign= -7349.42641\n",
      "The new index 118\n",
      "[-8.79206179 -4.36600836  1.0998359 ] \n",
      " [[3.94375927e-04 1.39263428e-04 4.57453604e-05]\n",
      " [1.39263428e-04 5.90296687e-04 4.35340460e-05]\n",
      " [4.57453604e-05 4.35340460e-05 6.99313106e-06]]\n",
      "rsquared_1 0.9959569266911164\n",
      "[ 1.20705531e+03 -4.57560632e+00 -7.69829021e-04] \n",
      " [[ 5.59824032e+03 -4.26130063e+00  1.94137594e-03]\n",
      " [-4.26130063e+00  3.25895884e-03 -1.43729802e-06]\n",
      " [ 1.94137594e-03 -1.43729802e-06  8.39957319e-10]]\n",
      "rsquared_2 0.9883463750226744\n",
      "Working on ROI: 97\n",
      "The QI is  0.0581944\n",
      "QI too low\n",
      "Working on ROI: 98\n",
      "The QI is  0.746362\n",
      "Type OFF because sign= -2548.94059\n",
      "The new index 187\n",
      "[-2.38638462 -5.76183037  1.68389597] \n",
      " [[0.00034159 0.00077403 0.00023873]\n",
      " [0.00077403 0.00843253 0.00074904]\n",
      " [0.00023873 0.00074904 0.00017613]]\n",
      "rsquared_1 0.9609674619708501\n",
      "[ 1.18166466e+02 -3.55483071e+00 -1.46936042e-02] \n",
      " [[ 3.37811858e+02 -2.59971563e+00  3.76101718e-02]\n",
      " [-2.59971563e+00  2.01013068e-02 -2.88587231e-04]\n",
      " [ 3.76101718e-02 -2.88587231e-04  4.19708144e-06]]\n",
      "rsquared_2 0.9363876891640399\n",
      "Working on ROI: 99\n",
      "The QI is  0.877282\n",
      "Type OFF because sign= -4883.87645961\n",
      "The new index 285\n",
      "[-6.00554398 -3.82722199  0.81173478] \n",
      " [[ 2.65633826e-04 -1.58548594e-04  9.23022975e-06]\n",
      " [-1.58548594e-04  1.09098309e-03  6.66478060e-05]\n",
      " [ 9.23022975e-06  6.66478060e-05  5.98623862e-06]]\n",
      "rsquared_1 0.9956603107057566\n",
      "[ 2.37628699e+02 -3.59048502e+00  6.50876675e-03] \n",
      " [[ 2.11667955e+02 -8.82866932e-01 -7.62346970e-03]\n",
      " [-8.82866932e-01  3.70894147e-03  3.20803739e-05]\n",
      " [-7.62346970e-03  3.20803739e-05  2.78710310e-07]]\n",
      "rsquared_2 0.9814378126043293\n"
     ]
    }
   ],
   "source": [
    "#ROI has to go from 1 now \n",
    "\n",
    "results = [] \n",
    "length=len(my_data[1])\n",
    "\n",
    "for ROI in range(1,length +1,1):\n",
    "    Eval(ROI,results,maxfev2=1000000,maxParam=15,QIcut=0.4) #specify here alone!\n"
   ]
  },
  {
   "cell_type": "code",
   "execution_count": null,
   "metadata": {},
   "outputs": [],
   "source": [
    "pd.DataFrame(results).to_csv(folder+\"pythonFit.csv\")"
   ]
  },
  {
   "cell_type": "code",
   "execution_count": null,
   "metadata": {},
   "outputs": [],
   "source": []
  },
  {
   "cell_type": "code",
   "execution_count": null,
   "metadata": {},
   "outputs": [],
   "source": []
  }
 ],
 "metadata": {
  "celltoolbar": "Initialization Cell",
  "kernelspec": {
   "display_name": "Python 3 (ipykernel)",
   "language": "python",
   "name": "python3"
  },
  "language_info": {
   "codemirror_mode": {
    "name": "ipython",
    "version": 3
   },
   "file_extension": ".py",
   "mimetype": "text/x-python",
   "name": "python",
   "nbconvert_exporter": "python",
   "pygments_lexer": "ipython3",
   "version": "3.11.4"
  },
  "toc": {
   "base_numbering": 1,
   "nav_menu": {},
   "number_sections": true,
   "sideBar": true,
   "skip_h1_title": false,
   "title_cell": "Table of Contents",
   "title_sidebar": "Contents",
   "toc_cell": false,
   "toc_position": {},
   "toc_section_display": true,
   "toc_window_display": false
  }
 },
 "nbformat": 4,
 "nbformat_minor": 2
}
